[PARAMETERS]
WIDTH=1416
HEIGHT=1410
MARGIN=10
SCALE_FACTOR=1
X_OFFSET=846.190673828125
Z_OFFSET=707.7579956054688
DRAWING_SIZE=10

