[PARAMETERS]
WIDTH=747
HEIGHT=761
MARGIN=10
SCALE_FACTOR=1
X_OFFSET=175.64637756347656
Z_OFFSET=707.9545288085938
DRAWING_SIZE=10

