[PARAMETERS]
WIDTH=987
HEIGHT=408
MARGIN=10
SCALE_FACTOR=1
X_OFFSET=578.2035522460938
Z_OFFSET=212.24249267578125
DRAWING_SIZE=10

