[PARAMETERS]
WIDTH=994
HEIGHT=1013
MARGIN=10
SCALE_FACTOR=1
X_OFFSET=484.3485412597656
Z_OFFSET=506.4430847167969
DRAWING_SIZE=10

