[PARAMETERS]
WIDTH=1609
HEIGHT=1282
MARGIN=10
SCALE_FACTOR=4
X_OFFSET=2671.50390625
Z_OFFSET=2455.5517578125
DRAWING_SIZE=10

