[PARAMETERS]
WIDTH=484
HEIGHT=669
MARGIN=10
SCALE_FACTOR=1
X_OFFSET=507.15179443359375
Z_OFFSET=508.4311218261719
DRAWING_SIZE=10

