[PARAMETERS]
WIDTH=487
HEIGHT=777
MARGIN=10
SCALE_FACTOR=1
X_OFFSET=-99.25027465820312
Z_OFFSET=275.2370300292969
DRAWING_SIZE=10

