[PARAMETERS]
WIDTH=1928
HEIGHT=1036
MARGIN=10
SCALE_FACTOR=1
X_OFFSET=964.53857421875
Z_OFFSET=519.9836730957031
DRAWING_SIZE=10

