[PARAMETERS]
WIDTH=1290
HEIGHT=735
MARGIN=10
SCALE_FACTOR=1
X_OFFSET=663.9388427734375
Z_OFFSET=488.16387939453125
DRAWING_SIZE=10

