[PARAMETERS]
WIDTH=681
HEIGHT=982
MARGIN=10
SCALE_FACTOR=1
X_OFFSET=91.79801559448242
Z_OFFSET=579.3126831054688
DRAWING_SIZE=10

