[PARAMETERS]
WIDTH=694
HEIGHT=1153
MARGIN=10
SCALE_FACTOR=1
X_OFFSET=325.29571533203125
Z_OFFSET=559.6751708984375
DRAWING_SIZE=10

