[PARAMETERS]
WIDTH=651
HEIGHT=1477
MARGIN=10
SCALE_FACTOR=1
X_OFFSET=481.2425537109375
Z_OFFSET=1195.73681640625
DRAWING_SIZE=10

