[PARAMETERS]
WIDTH=1002
HEIGHT=1080
MARGIN=10
SCALE_FACTOR=1
X_OFFSET=548.9519958496094
Z_OFFSET=188.86282348632812
DRAWING_SIZE=10

