[PARAMETERS]
WIDTH=1441
HEIGHT=619
MARGIN=10
SCALE_FACTOR=1
X_OFFSET=926.971923828125
Z_OFFSET=315.3707275390625
DRAWING_SIZE=10

