[PARAMETERS]
WIDTH=1328
HEIGHT=496
MARGIN=10
SCALE_FACTOR=1
X_OFFSET=537.3947143554688
Z_OFFSET=347.81756591796875
DRAWING_SIZE=10

