[PARAMETERS]
WIDTH=520
HEIGHT=1309
MARGIN=10
SCALE_FACTOR=1
X_OFFSET=442.17828369140625
Z_OFFSET=1054.5433349609375
DRAWING_SIZE=10

