[PARAMETERS]
WIDTH=1094
HEIGHT=492
MARGIN=10
SCALE_FACTOR=1
X_OFFSET=546.8695068359375
Z_OFFSET=240.29415893554688
DRAWING_SIZE=10

