[PARAMETERS]
WIDTH=1533
HEIGHT=985
MARGIN=10
SCALE_FACTOR=1
X_OFFSET=92.33995819091797
Z_OFFSET=580.9998779296875
DRAWING_SIZE=10

