[PARAMETERS]
WIDTH=1086
HEIGHT=796
MARGIN=10
SCALE_FACTOR=1
X_OFFSET=581.7840576171875
Z_OFFSET=306.9295654296875
DRAWING_SIZE=10

