[PARAMETERS]
WIDTH=925
HEIGHT=733
MARGIN=10
SCALE_FACTOR=1
X_OFFSET=132.68746185302734
Z_OFFSET=367.1563720703125
DRAWING_SIZE=10

