[PARAMETERS]
WIDTH=1286
HEIGHT=265
MARGIN=10
SCALE_FACTOR=1
X_OFFSET=660.1250610351562
Z_OFFSET=18.34992790222168
DRAWING_SIZE=10

