[PARAMETERS]
WIDTH=955
HEIGHT=1507
MARGIN=10
SCALE_FACTOR=1
X_OFFSET=370.1627502441406
Z_OFFSET=1006.1161499023438
DRAWING_SIZE=10

