[ZONE_0]
DETECTION=0.886553
START=0.948528
END=0.0822134

[ZONE_1]
DETECTION=0.762919
START=0.805937
END=0.898235

