[ZONE_0]
DETECTION=0.807885
START=0.810141
END=0.0371973


