[PARAMETERS]
WIDTH=1065
HEIGHT=290
MARGIN=10
SCALE_FACTOR=1
X_OFFSET=543.6513671875
Z_OFFSET=181.94593811035156
DRAWING_SIZE=10

