[PARAMETERS]
WIDTH=827
HEIGHT=1038
MARGIN=10
SCALE_FACTOR=1
X_OFFSET=396.48388671875
Z_OFFSET=493.05523681640625
DRAWING_SIZE=10

