[PARAMETERS]
WIDTH=896
HEIGHT=1022
MARGIN=10
SCALE_FACTOR=1
X_OFFSET=456.96405029296875
Z_OFFSET=489.6588439941406
DRAWING_SIZE=10

