[PARAMETERS]
WIDTH=760
HEIGHT=1918
MARGIN=10
SCALE_FACTOR=1
X_OFFSET=442.1501770019531
Z_OFFSET=1054.44970703125
DRAWING_SIZE=10

