[PARAMETERS]
WIDTH=520
HEIGHT=1309
MARGIN=10
SCALE_FACTOR=1
X_OFFSET=442.2430725097656
Z_OFFSET=1054.8687744140625
DRAWING_SIZE=10

