[PARAMETERS]
WIDTH=646
HEIGHT=455
MARGIN=10
SCALE_FACTOR=1
X_OFFSET=476.4477844238281
Z_OFFSET=212.78350830078125
DRAWING_SIZE=10

