[PARAMETERS]
WIDTH=701
HEIGHT=813
MARGIN=10
SCALE_FACTOR=1
X_OFFSET=91.62781143188477
Z_OFFSET=407.85107421875
DRAWING_SIZE=10

