[PARAMETERS]
WIDTH=1117
HEIGHT=937
MARGIN=10
SCALE_FACTOR=1
X_OFFSET=416.670654296875
Z_OFFSET=360.3871765136719
DRAWING_SIZE=10

