[PARAMETERS]
WIDTH=543
HEIGHT=1655
MARGIN=10
SCALE_FACTOR=1
X_OFFSET=466.9524230957031
Z_OFFSET=1135.99658203125
DRAWING_SIZE=10

