[ZONE_0]
DETECTION=0.221
START=0.273716
END=0.447514

[ZONE_1]
DETECTION=0.91
START=0.960001
END=0.044909

[ZONE_2]
START=0.073713
END=0.171885