[PARAMETERS]
WIDTH=1125
HEIGHT=985
MARGIN=10
SCALE_FACTOR=1
X_OFFSET=92.83161544799805
Z_OFFSET=581.4213256835938
DRAWING_SIZE=10

