[PARAMETERS]
WIDTH=1609
HEIGHT=1508
MARGIN=10
SCALE_FACTOR=4
X_OFFSET=2671.72119140625
Z_OFFSET=2455.971923828125
DRAWING_SIZE=10

