[PARAMETERS]
WIDTH=1514
HEIGHT=769
MARGIN=10
SCALE_FACTOR=1
X_OFFSET=781.5656127929688
Z_OFFSET=564.0595703125
DRAWING_SIZE=10

