[PARAMETERS]
WIDTH=1143
HEIGHT=1282
MARGIN=10
SCALE_FACTOR=1
X_OFFSET=640.2025146484375
Z_OFFSET=653.6159057617188
DRAWING_SIZE=10

