[PARAMETERS]
WIDTH=1042
HEIGHT=1242
MARGIN=10
SCALE_FACTOR=1
X_OFFSET=510.85009765625
Z_OFFSET=634.4500732421875
DRAWING_SIZE=10

