[PARAMETERS]
WIDTH=1418
HEIGHT=1409
MARGIN=10
SCALE_FACTOR=1
X_OFFSET=847.8199462890625
Z_OFFSET=707.4610595703125
DRAWING_SIZE=10

