[PARAMETERS]
WIDTH=1328
HEIGHT=497
MARGIN=10
SCALE_FACTOR=1
X_OFFSET=537.4142761230469
Z_OFFSET=348.0169677734375
DRAWING_SIZE=10

