[PARAMETERS]
WIDTH=499
HEIGHT=395
MARGIN=10
SCALE_FACTOR=1
X_OFFSET=-265.24383544921875
Z_OFFSET=31.80831813812256
DRAWING_SIZE=10

