[PARAMETERS]
WIDTH=1446
HEIGHT=456
MARGIN=10
SCALE_FACTOR=1
X_OFFSET=927.5659790039062
Z_OFFSET=151.7576675415039
DRAWING_SIZE=10

