[PARAMETERS]
WIDTH=1203
HEIGHT=1507
MARGIN=10
SCALE_FACTOR=1
X_OFFSET=617.196533203125
Z_OFFSET=1006.69677734375
DRAWING_SIZE=10

