[PARAMETERS]
WIDTH=1147
HEIGHT=840
MARGIN=10
SCALE_FACTOR=1
X_OFFSET=1130.884765625
Z_OFFSET=298.58111572265625
DRAWING_SIZE=10

