[PARAMETERS]
WIDTH=1141
HEIGHT=568
MARGIN=10
SCALE_FACTOR=1
X_OFFSET=561.3938598632812
Z_OFFSET=352.9365234375
DRAWING_SIZE=10

