[PARAMETERS]
WIDTH=1046
HEIGHT=552
MARGIN=10
SCALE_FACTOR=1
X_OFFSET=474.668701171875
Z_OFFSET=260.33888244628906
DRAWING_SIZE=10

