[PARAMETERS]
WIDTH=1042
HEIGHT=1230
MARGIN=10
SCALE_FACTOR=1
X_OFFSET=510.8433837890625
Z_OFFSET=623.4220581054688
DRAWING_SIZE=10

