[PARAMETERS]
WIDTH=1417
HEIGHT=593
MARGIN=10
SCALE_FACTOR=1
X_OFFSET=688.6746215820312
Z_OFFSET=324.2156677246094
DRAWING_SIZE=10

