[PARAMETERS]
WIDTH=1186
HEIGHT=475
MARGIN=10
SCALE_FACTOR=1
X_OFFSET=777.6624755859375
Z_OFFSET=212.59327697753906
DRAWING_SIZE=10

