[PARAMETERS]
WIDTH=915
HEIGHT=751
MARGIN=10
SCALE_FACTOR=1
X_OFFSET=397.5068359375
Z_OFFSET=908.6119384765625
DRAWING_SIZE=10

