[ZONE_0]
DETECTION=0.198927
START=0.201528
END=0.320128

[ZONE_1]
DETECTION=0.388961
START=0.437986
END=0.52835

[ZONE_2]
DETECTION=0.715951
START=0.857651
END=0.0687423

