[PARAMETERS]
WIDTH=1275
HEIGHT=465
MARGIN=10
SCALE_FACTOR=1
X_OFFSET=687.7645874023438
Z_OFFSET=190.95079040527344
DRAWING_SIZE=10

