[PARAMETERS]
WIDTH=1285
HEIGHT=637
MARGIN=10
SCALE_FACTOR=1
X_OFFSET=659.9573974609375
Z_OFFSET=390.7500915527344
DRAWING_SIZE=10

