[PARAMETERS]
WIDTH=1536
HEIGHT=1079
MARGIN=10
SCALE_FACTOR=1
X_OFFSET=719.1512451171875
Z_OFFSET=544.6739501953125
DRAWING_SIZE=10

