[PARAMETERS]
WIDTH=1337
HEIGHT=863
MARGIN=10
SCALE_FACTOR=1
X_OFFSET=641.4674072265625
Z_OFFSET=421.3052978515625
DRAWING_SIZE=10

