[PARAMETERS]
WIDTH=659
HEIGHT=2442
MARGIN=10
SCALE_FACTOR=1
X_OFFSET=466.7066650390625
Z_OFFSET=1137.7005615234375
DRAWING_SIZE=10

