[ZONE_0]
DETECTION=0.875504
START=0.960683
END=0.135061
