[PARAMETERS]
WIDTH=1181
HEIGHT=1410
MARGIN=10
SCALE_FACTOR=1
X_OFFSET=539.8248596191406
Z_OFFSET=708.9556884765625
DRAWING_SIZE=10

