[ZONE_0]
DETECTION=0.91557
START=0.95294
END=0.119031

[ZONE_1]
DETECTION=0.11903
START=0.163667
END=0.2422145

