[PARAMETERS]
WIDTH=1416
HEIGHT=575
MARGIN=10
SCALE_FACTOR=1
X_OFFSET=688.7177734375
Z_OFFSET=324.12615966796875
DRAWING_SIZE=10

