[ZONE_0]
DETECTION=0.713677
START=0.766239
END=0.859807

[ZONE_1]
DETECTION=0.921869
START=0.975559
END=0.076959
