[PARAMETERS]
WIDTH=1016
HEIGHT=933
MARGIN=10
SCALE_FACTOR=1
X_OFFSET=310.764404296875
Z_OFFSET=358.8356018066406
DRAWING_SIZE=10

