[PARAMETERS]
WIDTH=1891
HEIGHT=1086
MARGIN=10
SCALE_FACTOR=1
X_OFFSET=974.37841796875
Z_OFFSET=554.60693359375
DRAWING_SIZE=10

