[PARAMETERS]
WIDTH=983
HEIGHT=742
MARGIN=10
SCALE_FACTOR=1
X_OFFSET=250.30328369140625
Z_OFFSET=563.7362060546875
DRAWING_SIZE=10

