[PARAMETERS]
WIDTH=1088
HEIGHT=1799
MARGIN=10
SCALE_FACTOR=1
X_OFFSET=548.2964172363281
Z_OFFSET=908.677978515625
DRAWING_SIZE=10

