[PARAMETERS]
WIDTH=760
HEIGHT=1918
MARGIN=10
SCALE_FACTOR=1
X_OFFSET=442.1595458984375
Z_OFFSET=1054.4598388671875
DRAWING_SIZE=10

