[PARAMETERS]
WIDTH=657
HEIGHT=2437
MARGIN=10
SCALE_FACTOR=1
X_OFFSET=465.7987060546875
Z_OFFSET=1135.0767822265625
DRAWING_SIZE=10

