[PARAMETERS]
WIDTH=1764
HEIGHT=629
MARGIN=10
SCALE_FACTOR=1
X_OFFSET=1306.82421875
Z_OFFSET=372.34765625
DRAWING_SIZE=10

