[PARAMETERS]
WIDTH=1010
HEIGHT=786
MARGIN=10
SCALE_FACTOR=1
X_OFFSET=309.5726623535156
Z_OFFSET=357.5049743652344
DRAWING_SIZE=10

