[PARAMETERS]
WIDTH=1279
HEIGHT=591
MARGIN=10
SCALE_FACTOR=1
X_OFFSET=838.7485961914062
Z_OFFSET=404.0777587890625
DRAWING_SIZE=10

