[PARAMETERS]
WIDTH=1514
HEIGHT=767
MARGIN=10
SCALE_FACTOR=1
X_OFFSET=781.9774780273438
Z_OFFSET=563.9246215820312
DRAWING_SIZE=10

