[PARAMETERS]
WIDTH=1382
HEIGHT=743
MARGIN=10
SCALE_FACTOR=1
X_OFFSET=650.0523681640625
Z_OFFSET=564.2901000976562
DRAWING_SIZE=10

