[PARAMETERS]
WIDTH=1148
HEIGHT=842
MARGIN=10
SCALE_FACTOR=1
X_OFFSET=1133.3853759765625
Z_OFFSET=298.0823974609375
DRAWING_SIZE=10

