[PARAMETERS]
WIDTH=1130
HEIGHT=1352
X_OFFSET=529.20361328125
Z_OFFSET=688.506225585938
MARGIN=10
SCALE_FACTOR=1
DRAWING_SIZE=10

