[PARAMETERS]
WIDTH=1609
HEIGHT=1655
MARGIN=10
SCALE_FACTOR=4
X_OFFSET=2671.369384765625
Z_OFFSET=2456.761962890625
DRAWING_SIZE=10

