[PARAMETERS]
WIDTH=695
HEIGHT=1154
MARGIN=10
SCALE_FACTOR=1
X_OFFSET=325.29571533203125
Z_OFFSET=559.2228393554688
DRAWING_SIZE=10

