[PARAMETERS]
WIDTH=1023
HEIGHT=734
MARGIN=10
SCALE_FACTOR=1
X_OFFSET=229.46531677246094
Z_OFFSET=370.7593688964844
DRAWING_SIZE=10

