[PARAMETERS]
WIDTH=272
HEIGHT=303
MARGIN=10
SCALE_FACTOR=1
X_OFFSET=-27.94354248046875
Z_OFFSET=32.88711977005005
DRAWING_SIZE=10

