[PARAMETERS]
WIDTH=1016
HEIGHT=530
MARGIN=10
SCALE_FACTOR=1
X_OFFSET=319.0626220703125
Z_OFFSET=89.60674667358398
DRAWING_SIZE=10

