[PARAMETERS]
WIDTH=1651
HEIGHT=648
MARGIN=10
SCALE_FACTOR=1
X_OFFSET=712.3983764648438
Z_OFFSET=349.7835388183594
DRAWING_SIZE=10

