[PARAMETERS]
WIDTH=994
HEIGHT=1011
MARGIN=10
SCALE_FACTOR=1
X_OFFSET=484.2834777832031
Z_OFFSET=506.4430847167969
DRAWING_SIZE=10

