[PARAMETERS]
WIDTH=1290
HEIGHT=734
MARGIN=10
SCALE_FACTOR=1
X_OFFSET=664.77783203125
Z_OFFSET=486.9558410644531
DRAWING_SIZE=10

