[ZONE_0]
DETECTION=0.192792
START=0.281216
END=0.484451

[ZONE_1]
DETECTION=0.596461
START=0.684702
END=0.788862

