[PARAMETERS]
WIDTH=1197
HEIGHT=986
MARGIN=10
SCALE_FACTOR=1
X_OFFSET=424.9082336425781
Z_OFFSET=361.8412170410156
DRAWING_SIZE=10

