[PARAMETERS]
WIDTH=1186
HEIGHT=475
MARGIN=10
SCALE_FACTOR=1
X_OFFSET=777.9716186523438
Z_OFFSET=212.09315490722656
DRAWING_SIZE=10

