[PARAMETERS]
WIDTH=942
HEIGHT=1288
MARGIN=10
SCALE_FACTOR=1
X_OFFSET=67.04997062683105
Z_OFFSET=859.672119140625
DRAWING_SIZE=10

