[PARAMETERS]
WIDTH=661
HEIGHT=468
MARGIN=10
SCALE_FACTOR=1
X_OFFSET=457.5411071777344
Z_OFFSET=488.7409362792969
DRAWING_SIZE=10

